# Created by Octave 3.8.0, Thu Aug 18 20:36:50 2016 KST <INO@JungInohui-MacBook-Pro.local>
# name: X
# type: matrix
# rows: 30
# columns: 400
 255 255 255 255 255 255 255 255 255 255 255 255 255 255 255 255 255 255 255 255 255 255 255 255 255 255 255 255 255 255 255 255 255 255 255 255 255 255 255 255 255 255 255 255 255 255 255 255 255 255 255 255 255 255 255 255 255 255 255 255 255 255 255 255 255 255 255 255 255 255 255 255 255 255 255 255 255 255 255 255 255 255 255 255 255 255 255 255 255 255 255 229 255 255 255 255 255 255 90 255 255 255 255 255 255 255 255 255 255 255 52 255 255 255 255 255 255 39 255 255 255 255 255 255 255 255 255 255 255 49 255 255 255 255 255 255 51 255 255 255 255 255 186 92 38 255 255 255 98 218 255 255 255 255 255 134 196 255 255 255 255 200 131 255 249 130 255 174 197 255 255 255 255 255 174 180 255 255 255 255 255 73 255 255 255 43 126 8 144 105 106 106 106 108 61 255 255 255 255 255 255 252 114 255 255 110 255 255 71 255 255 255 255 255 255 75 255 255 255 255 255 255 72 252 132 115 255 255 207 144 255 255 255 255 255 157 216 255 255 255 255 255 238 150 235 255 255 255 255 109 232 255 255 255 255 255 70 255 255 255 255 255 255 255 255 255 255 255 255 255 45 255 255 255 255 255 200 172 255 255 255 255 255 255 255 255 255 255 255 255 255 255 255 255 255 255 255 76 255 255 255 255 255 255 255 255 255 255 255 255 255 255 255 255 255 255 255 237 131 255 255 255 255 255 255 255 255 255 255 255 255 255 255 255 255 255 255 255 255 255 255 255 255 255 255 255 255 255 255 255 255 255 255 255 255 255 255 255 255 255 255 255 255 255 255 255 255 255 255 255 255 255 255 255 255 255 255 255 255 255 255 255 255 255 255 255 255 255 255 255 255 255 255 255 255 255 255 255 255 255
 255 255 255 255 255 255 255 255 255 255 255 255 255 255 255 255 255 255 255 255 255 255 255 255 255 255 255 255 255 255 255 255 255 255 255 255 255 255 255 255 255 255 255 255 255 255 255 255 255 255 255 255 255 255 255 255 255 255 255 255 255 255 255 255 255 255 255 255 255 255 255 255 255 255 255 255 255 255 239 255 255 255 255 255 255 255 255 255 255 255 255 255 131 255 255 255 255 79 222 255 255 255 255 118 118 120 255 255 255 255 255 122 87 255 255 255 234 25 255 255 255 146 0 43 41 0 0 220 255 255 255 42 241 255 255 255 130 152 255 255 185 149 255 255 255 235 0 57 255 255 236 19 255 255 255 255 27 240 255 255 163 56 255 255 255 255 148 0 255 255 116 160 255 255 255 255 35 255 255 255 142 0 255 255 255 255 219 0 255 255 0 255 255 255 255 132 176 255 255 255 240 0 106 255 255 255 248 0 32 147 134 255 255 255 255 71 255 255 255 255 255 86 0 243 255 255 223 34 31 0 31 171 255 255 141 81 255 255 255 255 255 255 0 0 124 46 43 255 255 33 18 0 0 0 0 0 120 255 255 255 255 255 227 41 70 181 255 255 255 0 255 248 248 255 255 62 0 172 255 255 255 255 255 255 255 255 255 255 111 203 255 255 255 255 255 255 24 0 222 255 255 255 255 255 255 255 205 22 197 255 255 255 255 255 255 255 255 0 0 198 255 255 255 255 225 0 79 255 255 255 255 255 255 255 255 255 255 246 28 253 255 255 255 255 181 255 255 255 255 255 255 255 255 255 255 255 255 255 255 255 255 255 255 255 255 255 255 255 255 255 255 255 255 255 255 255 255 255 255 255 255 255 255 255 255 255 255 255 255 255 255 255 255 255 255 255 255 255 255 255
 255 255 255 255 255 255 255 255 255 255 255 255 255 255 255 255 255 255 255 255 255 255 255 255 255 253 247 246 249 254 255 255 255 255 255 255 255 255 255 255 255 255 255 252 193 92 36 28 41 115 227 196 158 251 255 255 255 255 255 255 255 255 251 169 17 58 167 197 151 32 51 183 19 149 248 255 255 255 255 255 255 254 178 16 148 244 254 255 254 223 36 137 170 20 170 255 255 255 255 255 255 236 49 99 248 255 255 255 255 255 142 27 247 29 145 255 255 252 200 238 247 117 47 245 255 255 255 255 255 255 185 4 226 26 150 255 255 236 25 178 207 30 132 255 255 255 255 255 255 255 211 11 181 26 151 255 255 235 16 174 195 14 177 255 255 255 255 255 255 255 237 22 143 23 151 255 255 234 14 174 238 43 112 254 255 255 255 255 255 255 247 27 110 17 162 253 253 178 8 189 254 156 30 235 255 255 255 255 255 255 249 28 4 0 26 34 26 7 94 246 255 249 49 122 254 255 255 255 255 255 249 28 109 14 104 165 176 23 189 254 255 254 128 31 233 255 255 255 255 255 249 29 122 15 164 254 252 33 179 255 255 255 211 7 186 255 255 255 255 255 246 27 129 33 149 254 254 45 159 254 255 255 248 77 76 251 255 255 255 255 207 10 173 140 39 240 255 104 57 234 255 255 254 215 25 145 251 255 254 237 66 69 245 234 24 163 253 213 27 147 255 255 255 252 151 14 178 253 238 82 35 232 254 252 99 50 243 253 196 179 255 255 255 254 250 141 18 35 22 46 196 254 255 254 221 34 177 254 254 253 255 255 255 255 255 252 209 177 205 246 254 255 255 255 255 201 222 254 255 255 255 255 255 255 255 255 255 255 255 255 255 255 255 255 255 254 254 255 255 255
 255 255 255 255 255 255 255 255 255 255 255 255 255 255 255 255 255 255 255 255 255 255 255 255 255 255 255 255 255 255 255 16 91 255 255 255 255 255 255 255 255 255 255 255 255 255 255 255 255 255 19 0 0 25 246 255 255 255 255 255 255 255 192 57 41 161 255 255 255 166 0 0 0 0 149 255 255 255 255 255 255 38 50 57 41 87 132 255 255 1 0 22 1 0 9 255 255 255 255 255 0 0 84 255 255 184 1 75 238 0 0 226 132 0 1 255 255 255 255 255 0 0 5 224 255 246 1 15 125 6 230 255 255 1 7 255 255 255 255 255 0 0 0 95 255 255 14 4 47 22 19 151 255 162 163 255 255 255 255 255 0 0 0 11 255 203 0 0 0 0 0 0 0 0 0 2 57 255 255 255 0 0 0 0 255 0 0 15 35 10 0 0 0 0 0 0 1 171 255 255 8 0 0 16 15 0 0 17 23 255 255 16 0 1 131 172 192 255 255 255 255 1 0 0 0 0 181 1 2 255 255 255 1 0 2 246 255 255 255 255 255 255 14 34 20 252 68 0 3 255 255 255 208 0 0 45 255 255 255 255 255 255 255 255 255 255 3 0 6 255 255 255 255 144 0 0 194 255 255 255 255 255 255 255 255 255 0 0 39 255 255 255 255 255 174 0 2 255 255 255 255 255 255 255 255 255 0 0 194 255 255 255 255 255 255 255 147 255 255 255 255 255 255 110 8 31 0 148 255 255 255 255 255 255 255 255 255 255 255 255 255 255 4 0 0 8 252 255 255 255 255 255 255 255 255 255 255 255 255 255 255 255 91 41 160 255 255 255 255 255 255 255 255 255 255 255 255 255 255 255 255 255 255 255 255 255 255 255 255 255 255 255 255 255 255 255 255 255 255 255
 255 255 255 255 255 255 255 255 255 255 255 255 255 255 255 255 255 255 255 255 255 255 255 255 255 255 255 255 255 255 255 255 255 255 255 255 255 255 255 255 255 255 255 255 255 255 255 255 255 255 255 255 255 255 255 255 255 255 255 255 255 255 255 0 255 255 255 255 255 255 255 255 255 255 255 255 255 255 255 255 255 255 255 250 0 0 253 255 255 255 255 255 255 255 255 255 255 255 255 255 255 255 255 233 207 0 0 0 255 255 255 255 255 255 255 255 255 255 255 255 255 255 255 255 254 244 225 0 255 255 255 255 255 255 0 0 0 255 255 255 255 255 255 255 255 255 255 0 255 255 255 255 255 255 0 190 0 0 255 255 243 239 212 192 191 211 249 0 255 255 255 255 255 0 0 242 238 0 0 255 209 0 0 0 0 0 0 0 232 226 226 234 227 0 198 250 255 255 0 255 216 0 243 255 234 191 0 0 0 0 0 0 0 0 0 0 0 0 255 255 252 0 0 188 201 243 0 0 241 196 0 0 254 254 249 244 238 0 0 255 255 255 0 0 0 0 0 0 214 0 0 255 255 255 255 255 255 221 0 254 255 255 255 255 255 255 245 0 0 0 255 255 255 255 255 255 255 233 0 254 255 255 255 255 255 255 251 211 0 0 255 255 255 255 255 255 255 253 252 254 255 255 255 255 255 255 255 255 255 255 255 255 255 255 255 255 255 255 255 255 255 255 255 255 255 255 255 255 255 255 255 255 255 255 255 255 255 255 255 255 255 255 255 255 255 255 255 255 255 255 255 255 255 255 255 255 255 255 255 255 255 255 255 255 255 255 255 255 255 255 255 255 255 255 255 255 255 255 255 255 255 255 255 255 255 255 255 255 255 255 255 255 255 255 255 255 255 255 255 255
