# Created by Octave 3.8.0, Thu Aug 18 20:44:20 2016 KST <INO@JungInohui-MacBook-Pro.local>
# name: all_theta
# type: matrix
# rows: 3
# columns: 401
 -5.374729723161937e-06 -0.001183346795141161 -0.001183346795141161 -0.001183346795141161 -0.001127135814977878 -0.0008294848573468305 -0.0003190048007167167 -4.47972604737673e-05 -0.000259589274767229 -0.0001167491100085702 0.0003743090533519896 0.0003932125718346958 -0.0006727233745229505 -8.344019316474735e-05 0.0008857492435164985 0.001029362076717139 0.0001734101506216051 -0.0005108593243313305 -0.001156220905179789 -0.001960568031313035 -0.001435207992470783 -0.001183346795141161 -0.001183346795141161 -0.001142991956651671 -0.0006244810569157481 0.0004428024308856481 0.001473142291244435 0.001803697435652626 0.0009698226377154504 0.0005274314624945367 0.001061132315221987 0.002276140121188671 0.00220950324367135 0.004060444154329951 0.005399705145000266 0.004835947152525968 0.004090806009915544 0.0009508727251158564 -0.001226437593837373 -0.002555195795190393 -0.001810188591953844 -0.001183346795141161 -0.001148229556814764 -0.0006708755046541221 0.001382470873869243 0.002210377342282634 0.001809677945599219 0.001687517583745741 0.001170022637818305 0.0001986788686090645 0.001272118086384644 0.002330202869552636 0.002232474127726757 0.0006407823631048564 0.003823596970706234 0.002025595067458365 0.001637600979225435 -0.000992885941467484 -0.002037254743658345 -0.00133711152065245 -0.001189437755758075 -0.001196647568758526 -0.001021589119750604 0.0003841223130672552 0.001352647188578425 0.0009704938791346129 0.002804060583507716 0.005660901669632387 0.005020478863678794 0.002982905707011666 0.001782018009476088 0.000686431800024892 0.0008266503162723926 -0.00122061811924934 0.003242691205516873 0.00284963202951607 0.001389948698409342 -0.001441626954814645 0.0006081364604408714 0.0004058694559755172 -0.0009643882211436811 -0.001177534595561814 -0.001505445978407161 6.581407538855841e-05 -0.0003892226526673477 0.001692586011730223 0.002717295465148695 0.000797479204100999 -6.964997794125659e-05 0.005329208081358148 0.005594477076102427 -0.0003209236606254745 -0.0004968532426285741 0.001374129365253663 0.0002548522464428581 -0.0007078900130398683 -0.001570106656934611 0.001984634266867318 0.00123329919002978 -0.001233921381853462 -0.0006543383692923241 -0.001228790336937278 0.0006154661928676559 0.0008485009704709187 0.0003225653979722097 0.001444174915053567 -0.001533223448665263 -0.003729190237296091 -0.0005082502356664816 0.002050619904773345 0.002645716239090574 -0.001001225259785354 -0.0004386110471419111 -0.0002626021776885007 -0.001895754826463094 -0.001775986712764496 0.002255558827442532 0.004226739252455444 -0.0004421631794155068 0.0006368561579299483 -0.0007250523353412099 -0.0006179427546011899 -0.0002629410774215031 -0.001457871964397369 -0.0001411167814275915 -0.00166783947485768 -0.002628880199417042 -0.0004329838801751453 -2.39316165547211e-05 -0.001007337072182516 -0.001836250944703102 0.002570969582774089 0.001746256015779329 0.001476410129993433 -0.001966690219720313 0.0002511744568266763 0.004956671642492151 0.001695682906318542 0.002757650895169928 1.140732038912824e-05 -0.0008274058310927154 -0.0007301745998664638 -0.001691315819763813 -0.002435454975806322 -0.001491467583210272 -0.00248479318650234 -0.003153828131291803 -0.001290857991383888 -0.001182901618035109 -0.00055866585464437 0.001280508351651172 0.002595372219160846 0.002095116631858655 0.003478310821210839 -0.0007818729800047838 0.0006420459733143108 0.004468762533596954 0.0003411958486821024 0.001995717655398184 0.0003545818879444401 -0.0001995483821228786 -0.001501384016486677 -0.004152707968137545 -0.0009028921674504457 0.001340581240295183 0.001231940662131632 -0.003369760214528044 -0.002484389886535133 -0.002512472167995756 0.001352875925723148 0.001232332871016877 -0.0005572030574196786 -0.0007083829487996203 0.0008640604703876862 -0.000879887787229336 -0.001359978000911994 0.003478013300573804 0.002165192187758631 0.002256107689259315 -0.0009432711827614435 -0.0008426586438951834 -0.001509185271586675 -0.005388387103192211 0.0008408222495614164 0.001282005724153326 0.001031472089092074 -0.004274471605505863 -0.0048719137137853 -0.004130528760238428 0.0003018032322045195 -0.0007466001715510055 -0.002942861371711336 -0.0002171060419431738 -0.00264977605792189 -0.003974183809582299 -0.002445313913763065 0.00258835427130789 0.0009622174788387703 -0.000204364219987525 -0.002298249147554888 -0.001005443654015994 -0.000774123583920966 -0.001915124321061774 -0.002187220233243644 0.00115135261411698 0.001346301456386837 -0.00334323379045909 -0.003078937695501375 -0.00189813580453164 -0.002590308447132932 0.0002515847193755922 -0.000368104505139546 -0.0005526600719952749 -0.002787350602214063 -0.004058927144009045 -0.0027044728264053 -0.00398480843942016 -0.002314673545199511 -0.003437766447984121 -0.001536875329577699 -0.0005471757853385541 -7.747088497361001e-05 4.513699083057747e-05 -0.004725839285674671 -0.001960280139320186 -0.0005201874398534016 -0.003484219362553557 -0.003330738135559712 -0.002463821739527322 -0.001641412441072924 -0.00122262174484876 -0.0007902922495030473 -0.00118624366540771 0.0006665037317232294 -0.002527823469869252 -0.001372038820914806 -0.0006608593955194006 -0.0002462470909309401 -0.002786046262372366 -0.0007462285513158743 -0.001027450800076387 -0.0004535474094411849 0.001676552259743035 -0.001132365272623947 -0.004856858226230824 -0.0006309070883869726 -0.002230805396738029 -0.003700869692397064 -0.0003247997672252065 0.00132255217127485 -0.001023662478992019 0.001035056532842747 0.002137579488587931 0.0007197496108522709 -0.002758246805022376 0.0003065010981930228 0.002015044020923901 -0.001597749916606801 -0.002397900184186381 0.0001445500099422246 -0.0001544081067183393 -0.0009485281414394065 0.0002445859403265845 -6.298371905031625e-05 -0.003924947057567637 -0.001204614499577595 -0.0004384245019875392 -0.001295816727711877 -0.001643412818207464 0.001358286253648351 0.001845114918128142 0.001316357731968677 0.00328817682375828 0.002346930709324898 -0.001644010764065368 0.0008013400303218274 0.003251457560168129 0.001561049801334571 -0.00294272395026612 -0.000365439392348342 -3.645484638165191e-05 -0.001239106237024792 -0.00135381253611373 0.002059139340554863 0.0004742733223382657 0.0003036964936994519 0.0007102427818307549 -0.002239814179485284 -0.001047320382107822 0.0002910425796846257 0.00129655572548608 0.00418672507309931 0.004574841407897563 0.00462797540971497 -0.0002373474221839694 -0.00248196669527151 0.001201365960734389 0.003782366970128088 -0.001657155832509657 -0.001141790390137593 -0.0005589450690017626 -0.001298600119588545 -0.001956737551271764 0.0003663640604575711 0.002648590161281235 0.002016939660949083 0.0007617504439826586 -5.495678479913991e-05 0.0005799100519925636 0.001563247996647494 0.002678957231042103 9.841473870302434e-05 0.001821972561986006 0.00311034627821328 0.001626352966012548 -0.002116741034357668 -0.002782790567897537 0.0002089307794695397 -0.0001728127239724197 -0.005484860635654099 -0.002580143827125683 -0.001184027962772622 -0.001241246263475217 -0.001596253973428865 -0.001383680336958959 0.00228375057596643 0.0001590334007110286 0.001865308220062244 0.003573864164955394 0.005253645316225993 0.003862930952196792 6.054529362236776e-05 0.002657429028776429 0.003272019875104235 0.002956848265194275 -0.0006790148157306507 -0.00182680403866478 0.001342353635663357 -0.0006238242634364887 -0.002259346369982285 -0.001959850508933569 -0.001171624754385777 -0.000889878312076503 -0.0008910861491040579 -0.0009032910292013451 0.002025324656760537 0.001805831675197093 0.0001435583502709757 -0.00148706358123064 -0.002162885854045871 0.001542391874181261 0.002650236984818292 0.003621914297676146 0.002327014784035478 0.003652932365113029 0.001838603787025642 -0.0009184357930779538 -0.0007452875346367306 -0.0005493934781341509 -0.0007446103800455602 